64
765
378
136
787
87
54
611
13
508
380
544
246
134
200
537
0
870
350
701
245
939
607
929
232
472
739
447
404
455
851
234
905
365
699
327
193
8
945
584
590
530
196
930
21
269
573
738
938
333
793
216
290
848
680
996
381
522
654
932
498
317
444
167
194
355
773
47
127
363
20
866
957
143
289
617
658
260
586
606
191
521
186
862
528
880
553
237
768
855
274
128
779
808
296
203
321
951
428
631
803
684
717
318
325
156
543
549
10
181
964
615
374
648
791
666
73
838
501
77
129
308
500
551
673
616
919
991
182
737
485
303
422
702
746
376
750
441
189
703
354
467
805
335
886
408
421
665
159
878
231
351
340
758
941
482
179
209
137
686
69
202
771
185
250
429
100
495
809
96
386
410
823
811
210
358
19
567
916
967
843
820
824
827
291
415
529
734
683
473
710
997
387
812
661
352
453
123
398
120
377
424
75
101
571
896
756
859
342
525
218
406
407
995
36
82
709
726
804
63
760
776
48
920
950
221
12
86
897
168
176
201
230
594
107
816
982
541
952
309
83
837
286
323
425
894
679
34
588
589
59
977
504
716
928
959
284
885
305
409
720
121
24
988
470
535
688
233
331
789
856
591
593
649
16
282
506
613
490
307
548
568
397
638
719
642
744
517
641
806
653
801
450
426
846
42
512
322
672
2
671
946
279
89
540
104
483
815
401
427
479
524
924
742
252
797
651
762
909
316
531
558
258
874
456
55
901
491
629
67
619
985
356
505
6
736
184
359
546
713
538
264
23
413
627
753
961
873
299
575
41
206
243
818
190
972
197
927
261
821
437
454
163
112
578
379
235
516
639
239
574
259
469
835
139
984
669
992
603
572
346
970
391
592
229
370
416
785
240
311
361
511
625
228
960
108
465
169
443
695
171
887
138
29
226
481
347
624
668
981
513
962
569
148
241
605
371
257
743
890
670
458
431
281
693
853
694
980
157
675
68
687
81
539
489
448
795
219
399
383
542
948
595
635
110
868
872
468
336
366
926
640
244
580
1
953
140
576
272
660
986
854
217
861
514
942
205
273
277
99
388
646
39
477
949
515
4
754
943
35
116
31
106
829
174
384
947
476
80
373
214
402
266
582
385
937
598
414
707
382
918
784
741
242
222
188
527
295
412
172
337
814
696
802
800
545
955
786
933
936
583
609
283
150
293
175
46
93
749
810
842
602
315
577
151
131
198
497
38
253
390
238
690
794
493
520
509
348
748
45
876
320
270
850
958
173
199
58
126
461
449
725
561
368
888
864
581
457
49
559
704
5
170
152
599
956
798
879
781
50
767
25
486
712
263
155
65
207
560
900
180
608
433
52
759
119
676
103
747
831
411
825
867
711
973
865
330
636
579
863
105
783
30
869
834
72
319
430
393
122
657
338
706
523
536
135
722
85
841
463
881
74
