64
765
378
136
787
87
54
611
13
508
380
544
134
200
246
537
0
870
350
245
701
939
607
929
232
472
447
739
404
455
851
234
365
905
699
327
8
193
584
945
590
196
530
21
269
930
333
573
738
793
938
216
290
848
381
522
680
996
317
498
654
932
167
194
355
444
47
773
20
127
363
866
957
143
260
289
586
617
658
191
606
186
237
521
528
553
862
880
768
855
128
274
203
296
779
808
321
428
631
684
803
951
10
156
181
318
325
543
549
717
374
615
964
73
77
129
308
500
501
551
616
648
666
673
791
838
919
991
182
303
376
422
441
485
702
737
746
750
189
335
354
467
703
805
886
408
421
665
69
137
159
179
202
209
231
340
351
482
686
758
771
878
941
19
96
100
185
210
250
358
386
410
429
495
567
809
811
823
843
916
967
291
352
387
415
453
473
529
661
683
710
734
812
820
824
827
997
36
48
75
82
101
120
123
218
342
377
398
406
407
424
525
571
709
726
756
896
63
107
760
221
920
804
859
995
12
83
86
168
176
201
230
286
323
34
541
425
594
776
816
897
837
982
977
309
894
331
59
16
24
121
233
716
305
928
409
950
959
504
591
282
548
42
679
688
885
568
284
506
952
470
588
589
988
322
638
649
744
2
720
307
789
401
104
524
397
540
613
856
641
450
672
483
806
593
946
651
535
316
55
427
512
762
846
797
558
642
426
479
67
742
41
490
909
491
163
264
243
258
437
252
924
546
801
279
456
356
517
671
818
575
874
985
901
112
653
23
719
108
206
629
190
89
713
139
239
873
379
815
835
961
299
169
531
240
619
469
516
184
370
359
785
972
416
197
505
538
226
311
413
6
592
572
261
927
578
603
640
970
346
361
511
574
29
669
443
795
454
458
753
171
960
542
148
391
347
984
399
448
627
259
489
465
639
736
668
887
821
890
992
110
244
235
157
214
366
336
228
576
660
695
868
281
953
981
229
670
241
257
625
431
217
687
481
854
962
694
675
861
624
580
383
293
99
569
205
948
273
1
68
605
693
348
477
39
949
106
270
980
174
242
513
283
80
116
402
373
743
385
595
476
81
266
371
414
707
277
853
829
337
947
937
725
46
295
140
696
138
388
126
412
582
609
800
545
814
222
219
635
49
918
986
188
384
272
4
786
468
936
151
514
602
131
515
35
198
390
577
598
527
31
539
794
741
754
802
646
172
872
943
583
93
933
810
382
238
926
784
850
253
315
842
330
449
749
457
552
559
150
942
825
955
888
25
585
561
493
173
38
690
497
864
958
599
45
876
509
56
5
50
65
152
175
170
704
597
879
931
52
748
560
263
155
105
900
433
712
759
74
103
636
411
579
711
798
58
199
478
320
28
867
973
207
319
30
72
393
781
135
486
461
657
676
368
430
119
124
520
523
783
956
831
834
863
85
302
338
722
122
865
731
536
71
907
841
869
97
146
974
310
288
22
94
98
730
301
313
914
375
339
420
125
463
494
921
954
364
180
