1443
376
131
2543
2605
1830
1592
2745
1730
322
0
1578
583
169
2157
594
1789
2182
1652
724
1333
1097
2762
1309
2297
975
994
1691
2357
2107
2890
2910
514
870
2585
627
1106
835
378
2249
776
1765
1970
900
41
456
1498
895
1512
648
2450
1105
1583
465
877
2876
802
2847
2365
84
2739
601
1706
1175
2060
1522
2807
2715
1107
2907
546
2404
2216
609
699
132
1321
2947
2677
2106
1006
720
2592
634
255
2372
2578
2166
107
1479
1777
352
2949
143
555
2687
2863
638
2247
414
1907
1025
2278
170
1246
2814
302
2868
1785
1932
542
158
1563
470
164
2827
276
2764
401
1847
1324
299
1726
2835
2812
1792
1071
1688
1717
902
417
1911
2886
2796
398
253
939
2811
908
688
2699
2008
1467
311
1620
2544
2903
2846
2525
698
622
2768
130
2009
2041
1574
2659
867
1456
2636
2552
1870
1831
2587
1217
681
1094
2465
1626
263
1093
209
438
430
832
40
203
495
1
229
1352
2335
1523
2362
1518
2440
1447
1900
2999
501
60
2143
2181
1178
304
156
11
1500
424
341
918
183
2717
791
2691
227
730
1572
82
1745
1569
2593
1156
1787
678
260
535
1878
463
1529
1593
2749
2501
2315
2698
16
1216
2312
2235
1960
394
1581
90
1939
1530
17
257
1049
9
1302
2798
1020
2928
2608
1440
2514
2705
1099
2387
2547
2451
488
554
2428
47
2955
2136
235
1270
1909
397
512
1252
1310
2779
663
2301
786
1590
1227
1474
862
1255
2125
325
14
1854
2031
1746
2155
2455
1659
874
2196
1428
2293
307
2418
2374
2504
442
980
1950
2492
2075
974
2971
1081
2629
640
1466
2073
1015
2943
1208
2204
2091
2299
2695
2735
145
334
1183
1326
2460
1767
723
38
599
618
539
2399
1804
314
53
2744
451
2929
762
1784
2381
2573
1906
2831
1035
901
2627
2964
1550
2082
2867
2555
837
957
1135
87
1410
2412
1064
1759
428
2757
10
128
343
89
592
625
954
608
120
119
1119
927
1955
1524
713
1062
1828
1448
2266
2291
1735
306
2936
172
813
946
1682
710
770
847
2124
2369
2738
220
1607
2213
660
872
2689
1537
1850
286
1221
1434
1472
2990
4
458
1329
1896
2819
2853
479
676
1277
714
2563
2950
2034
2043
2263
50
2462
468
657
1161
1127
1165
1766
598
623
959
990
1594
1788
1799
1506
2411
1985
2343
541
2600
2123
2825
549
1940
2572
1993
2894
2201
111
375
2234
186
658
1223
2319
842
2076
2690
2824
2845
1417
1667
1011
1786
2215
1588
1912
2385
2003
778
2707
2647
244
1101
1167
2337
556
2952
1510
1739
1887
537
2126
2214
2363
2429
80
1358
2102
2780
2981
91
396
1196
2915
476
506
2973
2519
147
497
820
74
1445
2730
1838
2494
1004
1461
2270
1147
303
2787
1210
2142
2533
127
727
2854
22
1200
1238
285
1695
48
393
905
2486
1102
1533
2402
574
439
2922
2067
2226
2463
2540
508
849
1976
2066
564
2134
1198
29
1055
1714
1189
882
1557
2227
2461
1176
897
1877
2193
1199
2546
1711
2094
526
1024
412
2115
746
1817
1842
547
1116
1300
1832
1935
1357
1325
1234
2427
2577
2769
1881
2080
2313
2332
2495
425
1077
57
775
1803
1990
2980
452
909
961
1390
2419
1090
1236
1999
2013
2896
342
2821
1068
1409
1153
1497
879
1059
2662
743
1304
1755
505
1130
1138
1954
2382
2479
559
2048
2314
2624
2701
31
232
2712
701
2007
252
454
2713
151
432
487
2424
2945
2966
467
1056
1631
706
1865
1886
475
752
1387
1570
1611
2681
1866
1934
272
459
761
1092
683
2276
2562
2604
1111
1769
1926
1513
651
1315
1323
2236
2430
2826
1600
1668
1235
2594
208
1073
1885
2431
866
966
1839
144
553
293
2390
1930
1220
2539
1473
2070
2904
2449
2464
2813
803
1910
2776
2881
757
15
336
1433
1978
2069
2105
2260
2459
2576
2602
332
527
801
2508
576
1211
1407
1946
264
1618
569
2799
1123
1953
2283
2957
1233
2195
2333
2839
2844
1019
1841
2202
2383
2049
2969
2482
821
1151
2047
1860
890
1875
78
174
367
1045
1646
2086
2117
2415
503
848
1775
1916
2832
2974
742
1058
1516
2016
1159
2437
984
1884
2351
39
481
1778
2874
1157
1511
1956
510
1703
2530
2719
281
297
427
1187
1599
2302
869
1115
1732
1915
2753
284
413
973
570
773
856
1477
2340
2646
1160
1548
2168
2880
1075
1984
1504
1754
419
783
1965
155
1449
2055
2245
2809
1882
2638
2741
1782
2616
65
585
1413
1468
1937
2788
163
1036
1184
1826
2188
2855
96
794
1451
1908
2296
591
995
1041
1488
2011
2098
649
947
2603
320
435
2010
2474
2509
595
611
2127
2650
2755
2759
620
824
833
2111
2217
921
1580
1698
2395
337
643
464
534
645
910
940
1032
1770
2860
863
2132
2275
44
347
843
461
998
1374
1517
2541
3
810
1802
1929
2373
2496
2693
2793
604
1282
1354
2900
261
630
875
1399
2114
2160
2756
205
896
1030
1657
1983
2590
45
362
558
1427
1729
365
894
1155
2054
2256
2285
2833
2984
190
1192
1385
1609
1797
2521
2596
787
1044
1260
1685
2686
110
809
840
1014
1648
2708
2773
2851
1469
1544
1677
2660
1495
1756
2290
2493
2515
2700
2772
214
702
1436
1812
2352
2916
403
600
1179
1712
1122
1540
2061
2183
2205
2231
2888
956
63
472
1464
2264
137
650
1444
1879
2199
2330
2505
2801
2889
551
876
1244
1551
1718
2208
2406
790
1397
2935
188
711
1224
2977
798
2151
736
983
1149
1229
1268
1301
1749
2648
429
768
868
982
1573
1612
1689
2307
2347
2727
2987
88
1687
1944
1949
1275
1493
2274
1291
1419
1639
2560
2760
568
839
1283
2229
2597
2911
1846
1948
2478
2750
2190
2345
2883
42
103
118
826
1145
1258
1265
1371
2146
2848
2986
735
972
1393
1722
2392
112
474
2167
2481
2771
204
765
1334
1863
2254
222
294
543
548
1133
2968
1037
1893
2676
951
1539
1720
2277
2637
2940
219
266
722
769
928
1496
1602
1997
2452
2692
615
1169
1248
2619
2803
2931
2
1666
2230
2566
2612
173
976
1350
1555
2068
2526
1347
1675
1901
1967
2053
2116
2161
2268
1276
262
536
674
1307
1355
2072
2805
18
196
339
420
1053
1173
1339
1705
2015
2488
2527
2742
331
447
999
1314
1362
1368
1571
2305
2309
2906
211
1972
2549
2625
92
750
1197
1499
1952
1969
2444
2791
502
655
987
2099
2223
2655
216
1704
1825
2191
2203
2210
2932
358
521
1489
2089
2131
101
242
301
860
1316
2024
77
531
772
962
970
1031
1038
1219
1266
1287
1764
2339
210
245
1319
1454
1822
1989
2927
1263
1370
1867
1921
1996
2097
298
515
662
815
1188
1462
2207
2334
2536
2783
157
247
277
308
2656
2680
2976
106
1341
2445
2668
37
338
861
1249
1335
1576
1697
1768
2045
2287
2298
165
326
1664
2044
2653
2852
201
579
818
935
2023
2250
2456
399
913
997
1453
1776
1844
1980
2524
2820
707
967
1061
1435
1641
1919
1922
2520
2830
30
136
754
785
811
943
1534
1554
2532
2939
95
271
641
816
1141
1242
1719
1923
2310
2328
2961
453
557
708
893
1007
1542
2468
589
1000
1109
1457
2200
2350
2786
2884
788
1273
2361
2621
632
734
1002
1295
1330
1348
1751
1914
2242
2840
305
310
545
642
828
878
1360
2729
2808
191
241
321
518
578
679
760
1305
1561
1818
2409
123
499
1653
1721
2893
1163
1257
1404
2737
2919
799
1142
1303
1549
1632
1913
2518
2841
62
1033
1240
1514
2499
2640
664
1833
1942
2710
2747
2992
282
716
978
1686
1835
1897
1995
2113
2443
2475
2723
8
544
733
1318
1372
1426
1577
1617
2794
2983
806
1278
1406
1432
2025
2149
2651
2702
377
670
748
1660
1715
1975
1988
2052
2554
2797
379
1837
2130
2331
2426
2635
97
349
356
573
740
1103
1476
1798
2017
2153
907
1294
1424
1670
1699
1794
1811
1840
1871
1895
2022
2273
1938
2353
2398
2861
140
182
1174
1289
1446
1601
1809
2306
46
270
792
969
1132
1152
1654
1971
2121
2173
2800
2879
2989
812
1112
2346
590
1078
1254
1475
1665
2138
2657
2731
2959
99
513
1603
153
489
1836
152
287
405
538
1017
1528
1384
1579
2084
2304
2502
2709
86
312
654
763
584
