8437
82064
62198
66466
123
18734
44911
6289
32110
32878
41483
75834
6335
17255
17958
40465
82961
40622
58819
65928
29142
44163
50342
66372
82764
88737
33835
57385
61520
77622
92891
30893
80242
80883
85470
8553
68809
12793
18690
41419
49809
35313
77954
78210
3293
27132
31566
31756
34404
66263
73002
78731
19259
35006
35730
46787
50647
97504
27396
34187
42849
51511
56506
68961
72427
75660
83190
93298
27175
40754
45126
61647
87246
99132
39657
18695
71037
25386
52229
57585
84676
6959
52400
52616
81752
13949
17024
19301
21609
21819
94473
18924
30700
40212
50267
56287
8075
15417
30956
90357
95738
25506
27924
40989
44102
66148
66804
87026
95153
98606
6873
55570
72033
94365
57122
76026
97082
42767
51912
58294
87974
96052
24069
29032
46412
48746
98947
9181
31993
40171
42278
50263
60777
86450
14689
22288
42124
53476
54083
50779
57909
68730
72523
85763
86140
4785
21748
82356
21167
63047
21800
25670
25896
29140
32532
48371
50834
60135
13920
34955
6022
36563
73717
79922
10788
15178
21596
30394
59076
65248
6258
7523
12729
30356
32316
49250
74506
76671
85966
92041
16068
16890
22345
28805
41522
45644
61818
83275
4580
19618
25502
50459
52019
52050
59783
71097
73679
98376
23124
43311
88497
12018
39834
50833
86967
14783
34815
55552
81093
93766
95445
98208
13335
26663
30192
52143
60535
75760
50256
56524
56541
20467
23914
31338
32586
50207
94237
2903
17695
37306
63279
70534
90904
97570
8769
10850
38897
42573
63180
76563
87049
89361
98781
99522
99630
34136
60858
68231
69339
72830
89518
1970
3644
14974
30882
69741
83081
83617
87514
97724
98598
16626
16725
40668
90047
94453
32722
35088
41297
54672
55502
72891
77419
78632
78888
87412
22636
24191
44448
68793
82096
94707
1141
73086
75066
83965
22549
35012
47893
4176
4296
13704
30733
36483
39606
40493
55886
58056
69314
18495
19277
21994
39364
59008
75289
79751
85110
86905
99113
8193
10863
12890
17126
21042
23869
33215
35532
69113
92329
5523
26297
41635
40457
48273
81183
95388
17583
17883
20312
28297
28920
34073
39432
46422
72106
85169
86037
1096
5818
7079
10193
18783
43268
51158
65322
82455
89710
26469
28145
50863
68201
72432
73814
78414
82094
90334
98060
35052
58997
85903
89935
6009
20543
42358
60334
78995
23890
32730
34524
35668
38918
43780
53671
84609
9358
11802
12785
14653
15131
58482
58617
68913
83406
97643
26558
39414
58225
69079
72174
72745
99830
2135
8875
12839
42707
90704
94566
12421
19872
24047
24569
41176
58972
79656
83969
9680
23946
50556
62418
75052
75569
77000
79124
91356
20378
39619
51295
53008
63851
66155
77615
86874
93855
96796
99244
4327
8499
29076
37720
68518
76539
85907
25823
57069
373
17483
27094
30487
52191
88295
93132
93863
16945
52928
65841
99091
99715
12758
24480
65121
65538
81102
82990
88588
1493
20926
25075
33318
60757
66430
88092
4581
30345
45006
56662
63369
69567
72269
82717
84244
85746
34716
69654
75933
84788
22556
25008
25408
54047
74304
76741
85318
21952
47634
20765
21105
38321
82556
3736
10689
12212
25558
26060
29052
33774
48069
60798
94747
94051
4633
47899
80008
85559
21425
27492
50412
55513
93552
98264
98817
99872
32443
49113
56414
79681
17579
44632
55206
57971
81007
84483
2757
4200
13725
45498
46513
60171
67453
87624
89584
90044
3458
22817
46395
50268
57263
59320
81181
84196
97146
21843
36101
38677
40904
51770
71093
32306
37849
39984
42285
80062
83310
95784
5463
40569
92293
13005
34445
46832
52721
71579
78762
87769
131
34979
58276
80770
95295
7822
6425
23203
25377
31060
57757
67123
4439
5008
21303
50913
57267
69644
92332
3703
19601
20579
23247
39544
69534
74815
79955
81845
90523
3175
18680
34726
60860
67934
71662
20660
63795
68477
74375
82082
26643
55484
10062
12685
29379
45786
46687
66541
74831
96786
8140
11528
21855
31873
42754
48435
85440
76289
41887
3224
8843
10375
29469
31592
56103
63692
13433
60763
16425
42828
1701
11154
49233
57171
68383
75454
90515
32059
52487
1831
16468
32007
46890
47421
50107
54045
57221
60609
81763
53064
65713
66186
15814
63373
91826
23471
32337
49789
55560
84608
88354
94469
4965
28102
50565
94978
95700
1443
7403
7830
13177
19450
33503
33847
55784
87469
91884
25066
28130
92780
11409
25382
42136
49126
81685
83784
91767
94671
97294
29212
34307
34346
38786
75965
76049
78335
79811
88297
96591
15882
46159
46699
62289
66024
4627
11921
53544
63923
86059
16664
16698
17381
21346
35976
36070
40456
42057
45183
53819
75673
80259
1925
22795
35887
73819
5561
6704
17921
28441
76803
82481
95912
21729
55104
57968
69686
71159
75710
76340
81145
81729
82975
84732
91774
47990
50845
89327
29719
34541
45419
55029
61755
62592
81673
86790
962
14114
17297
30133
35525
55178
55485
57326
60690
82248
82440
94901
96011
99189
20313
25209
38921
62170
94600
703
2217
26126
44787
56706
65555
71239
91605
4537
10949
18257
23151
25262
28864
40881
43557
59381
59428
69521
80576
87495
1690
7630
10428
12895
19073
20790
23559
34761
38144
45359
50578
54021
71702
84518
93312
5866
6641
21696
32566
46978
53031
54303
77157
88325
89493
96143
3834
14799
16665
18682
26926
50215
50493
53542
72170
73821
86637
1059
1176
29482
60087
64888
7885
13138
15155
16243
46339
48265
54515
90617
3467
10527
13657
36341
48818
52066
52472
58953
60775
65739
73220
76713
79117
8779
14392
35095
46030
47797
53866
65117
69251
74319
97930
13888
23726
26638
46423
59341
62806
69836
71478
87986
93210
3064
13856
14143
14798
23511
33436
50212
56367
57092
61692
62276
63890
67464
89495
11182
21630
24330
51497
53329
76271
98082
14934
34637
63831
69544
81472
82504
85816
88068
348
5213
7690
8340
23246
29799
45599
56345
59664
69252
79134
87820
93282
95364
95621
98211
99875
2888
15931
21607
22846
60331
82285
84257
8820
10149
12216
13317
27712
37152
38757
64188
64930
70409
80347
83849
87055
87740
20526
27305
31964
47151
48463
50439
51436
53856
55912
57790
59484
65778
66426
66538
66738
66800
67613
77774
85881
92693
97174
99647
2599
5874
16223
24238
41080
43486
47351
51353
51663
79767
82434
96354
97123
772
3210
19254
20966
34526
41502
52300
70919
73952
91203
92185
97059
97451
4927
20036
27358
33545
37139
43705
52558
67886
72963
88648
98275
8950
11035
20292
31093
38729
52252
56417
92266
94058
98936
821
4819
13713
31489
57445
58284
58758
82551
94434
119
1604
9368
17618
22719
32041
41911
44226
54552
59117
64347
65084
65253
69643
78625
85216
88564
99265
3540
16167
52854
60173
60311
86476
14847
16808
31690
39411
60411
71363
72126
7298
8134
8485
18601
18691
32939
74236
75669
79217
80416
81882
85248
87187
91796
99703
99736
6929
20743
33677
39927
48469
53966
61084
73387
77985
89666
91265
4953
39095
39956
45814
49825
60120
63751
69029
76743
11600
17208
24164
38315
40344
40831
46097
50171
51150
62769
72216
79770
92911
2371
9102
11230
14296
22724
29488
38534
45801
47791
50099
52992
61506
66668
73172
86751
91450
93739
96822
25
12845
21192
37489
58838
79804
13345
13633
18937
26874
34960
38713
41146
41949
42236
51018
60769
64756
72844
78825
80188
83706
88807
89131
96618
389
6818
11826
24572
27660
34805
41125
48985
56141
58943
59330
66998
71002
74167
93683
8963
26219
36143
45075
47897
53712
57738
60666
62602
71288
77677
82027
83272
86212
86383
91475
92045
1734
9302
11949
15159
23001
23146
25902
27355
30656
36062
41609
45768
69240
82190
84142
90241
93903
31647
32324
32447
47194
53603
65424
89892
97024
97798
19821
42518
43849
46938
55507
59683
60030
71891
74844
82535
90568
91215
13708
13744
15622
22338
33102
44018
50016
57138
61596
62351
64689
73154
75474
78486
78783
89181
95122
96870
15547
15717
18927
30282
34405
40002
40866
41517
52182
53834
61034
80687
88871
90324
95084
95399
31344
43233
43341
53844
54085
57378
61030
61642
86080
86694
95468
7083
11868
14855
18934
24163
29900
34117
47875
51910
54410
56500
60111
70077
73149
75036
78721
81562
81602
86572
94523
29191
43346
68835
76128
86349
18398
26347
37907
42910
44618
65697
68524
78757
94941
95508
356
11318
12837
14710
19693
20025
32715
34899
44145
45799
48732
48873
62751
64262
72541
83162
84313
13875
22284
24916
34578
36964
39487
75366
81548
84249
4670
20550
22263
23270
34232
38870
41993
44190
49984
58124
59325
68695
72638
75069
78481
83882
2049
16393
24693
24954
25521
27986
30094
35380
38020
38892
42271
44456
54946
60910
80004
80591
81800
87990
89635
97427
99208
1502
7485
9743
15775
21737
34894
43533
45847
51202
59317
86534
98746
9875
19145
20941
21586
25350
60524
68632
70413
74379
76962
78554
93147
93176
7293
9918
15273
19596
22405
29080
34642
40946
47524
49660
56772
60063
60234
67185
73238
75735
82563
5958
6548
15558
17378
21243
41397
67342
73893
77010
81848
82710
86043
86101
87067
92144
10459
12301
12469
32368
48502
56531
64901
77555
82296
83803
99214
243
10308
25469
29021
31613
41359
67088
67142
78118
78778
91510
98957
99720
11813
12092
61558
78659
88123
88783
94426
1744
12324
67553
67785
67966
71840
97003
97272
3826
8423
23610
29570
29857
36323
38007
51401
54495
55410
56303
60868
62071
64580
69140
80675
80860
89093
93710
94295
94957
95072
491
4798
10073
27394
34758
48210
49135
51801
73694
73966
86030
91049
99398
26502
38425
40541
55801
68240
71233
77978
89235
90340
91301
10105
11223
11653
12687
16350
22120
29610
33008
33968
35067
43701
49123
50010
51809
62563
62879
75506
76318
76865
77432
79396
83181
85607
86171
90224
94507
95879
99392
99788
2817
7650
17294
24308
26435
26605
29700
43351
51923
73861
78894
84583
95135
2758
13973
32759
37582
43500
58246
59168
73416
83687
93664
2964
8835
11644
13277
20174
25824
27403
30211
32476
47000
52082
58688
64564
67768
68272
93161
94045
94150
9149
14361
31692
46011
74840
91200
96005
5079
8394
30954
34231
37825
39997
68094
80528
81879
86722
94693
97145
1733
4280
4669
12128
29749
35375
42647
49642
51383
65295
70075
84862
11428
24937
37448
37620
39757
40910
42595
47506
54136
58079
61175
66646
69197
91355
92101
93013
94676
30142
49141
51541
68386
77220
79768
88162
99282
9546
12115
15310
20141
25524
25632
30096
34502
51968
55300
58783
69816
78780
82994
83957
91091
98236
99908
1687
7638
8183
19436
46572
86583
89822
9311
9460
11978
15908
20119
30285
36924
71087
79776
83707
86102
88262
89001
7586
12786
13424
13991
20515
24874
27385
40035
40248
40293
44796
47498
60224
61861
65437
65718
67085
73749
79299
87589
99011
27363
38172
39948
41186
45107
46177
50188
57411
64929
4326
5844
18112
20872
32848
52964
53193
53826
64092
85043
92726
98196
4942
16637
17949
22964
31169
34223
41306
42874
49908
50564
52413
64793
65883
69937
72691
84075
96364
881
4811
5672
14835
50095
54101
66491
74598
90548
93324
98852
787
16625
16800
26639
28278
36828
40163
63631
64465
75558
84745
93430
95172
97299
98983
14057
14789
15620
18300
23573
27376
28927
29214
31451
35972
42172
44870
52951
53955
64227
64562
68297
71941
80608
81755
84596
94006
95151
96170
5513
15675
24840
29013
39949
40686
52720
53816
58935
70656
74381
91532
99781
3573
5404
7030
7048
13094
15875
20334
35149
37164
51933
58303
61465
66246
79294
84607
91979
2409
3583
28109
28965
35130
36741
46215
48839
65886
71303
82632
92985
98457
398
1041
7804
23604
24577
25732
30170
31821
32354
39331
41216
46833
48623
63463
65938
65974
69706
72287
75749
77738
88788
91445
94837
8790
15926
29751
44393
52546
53382
60750
71535
90148
92116
4451
8928
17662
19457
22897
25565
30380
34501
36942
45396
53773
63921
64937
67272
67778
75491
82313
89471
98749
9726
12195
14459
35555
35931
37013
48799
51412
64719
67900
68314
72653
77865
79229
87665
89237
96516
14619
14941
46259
51617
57863
97447
9809
20181
21066
26644
32718
33887
45210
48188
48401
51528
51632
51675
55110
61504
61615
63220
65386
72022
74806
75859
78375
82930
89375
91860
9619
11248
19443
28292
48007
48877
49778
58903
60042
60511
63646
64242
68610
69753
71125
73406
74735
76705
77613
80779
84589
86424
89469
94428
94598
9537
13879
21722
26669
27646
30704
36127
37024
39352
40683
47723
49129
50544
62354
66964
71392
75370
80168
80178
84740
86279
96212
5946
7448
9046
18810
19648
22955
27216
34419
35774
36473
40114
40957
43257
48328
49067
50673
53431
58344
61129
65220
69239
69453
70028
70874
78519
81129
81209
84189
91107
93023
96467
98464
98575
3282
7923
16905
21558
29487
29888
31269
32733
34633
46968
48254
50945
55578
58770
66980
67376
77706
82497
85773
86800
91527
92277
94932
95169
506
1781
17192
22420
24058
39436
43066
47546
49705
52618
54717
64000
72173
73067
73674
76532
79867
82699
84466
85377
89791
90756
95893
53
22136
24044
28506
38545
38908
40916
42551
49564
50227
53851
55145
59851
70034
88894
92221
93882
94230
95168
4574
9161
23331
24684
31828
35839
36759
39868
46902
50325
52717
55374
55678
56273
61409
61457
66206
69723
72726
76146
86758
97157
13198
15793
21813
22487
25880
31643
36467
36712
42502
54532
57236
57702
61354
69752
74910
75173
77114
81817
82725
284
3330
4107
11537
16247
18766
18877
21912
38371
43587
46003
46816
47210
47835
48408
50290
50321
55254
59396
60241
61980
65741
70968
75678
76514
76754
77007
78393
82029
90661
95640
97049
6098
6903
10831
12107
12408
13122
14040
14145
17063
19037
22560
31474
31987
34538
34966
38561
49662
50162
51382
55049
55650
56215
56611
65949
66224
70012
73588
76839
80024
80052
91789
96589
97520
4957
7201
8557
21052
28394
37264
37333
44228
45636
48507
49943
50965
56557
57073
58280
58822
67978
75342
82487
89544
93119
94593
97715
1615
1887
2159
2332
5901
9785
13438
13466
16620
25735
31448
34647
35407
36441
44027
49948
50644
55105
57681
58096
59747
60881
61328
71589
75035
77307
79087
80634
85427
85463
87371
88142
89517
89697
89908
91104
92770
94200
96905
1609
4797
9934
10832
15395
16724
19524
23658
31323
33433
36808
39042
39090
43569
45775
57821
64257
65499
65876
71180
71872
72569
77598
87612
90450
93858
98440
99909
11807
14618
19054
19420
23425
26758
27024
30503
34314
35686
36110
41605
44360
46110
49375
50546
52323
52711
66333
69236
71588
73286
75207
75716
76137
80191
82054
84651
84730
84873
87470
96882
97416
3300
6037
16048
17611
18960
24158
25311
27914
29169
29730
30783
34577
40663
40988
41215
41530
41917
43252
51180
54367
55185
61308
64831
67989
72742
74462
77025
77728
79750
83539
85960
89561
90478
94223
95973
96358
3938
5145
10687
11673
11981
14125
15094
24801
25046
28437
28534
30475
36077
38052
47701
49272
50454
51097
51596
52583
52839
55687
58602
62604
64364
64419
67480
67828
67968
79534
80512
88462
7330
11399
11424
12371
12595
16446
22227
27310
29743
32729
40875
46300
46489
51771
57512
59034
60105
60376
64170
68086
69012
82249
85825
86550
88475
88815
93666
95835
97101
818
4457
4690
6389
11384
12175
14009
14454
16115
18481
18598
18774
22387
22847
28342
30538
32871
33184
33724
37524
40230
45637
49461
53519
53791
53997
54834
57313
58167
62047
63132
67752
71502
72484
74272
89986
90552
95247
99990
359
1867
1948
5138
7756
9357
10350
17984
22773
23859
23894
24760
32055
35524
38316
45339
46972
48668
51847
52934
59579
61568
66050
70440
72583
75308
86831
89366
95277
96164
98581
98904
16169
16898
24897
25874
27297
33758
36363
36823
38134
48322
49534
52232
58993
59809
63145
63820
64310
69267
70576
76354
78739
82974
84117
87757
89092
89951
94290
97241
1682
13957
18477
20262
25201
27454
27556
33992
40530
44799
55868
59985
61239
62082
65081
65595
66713
67854
69657
69778
79980
80162
80286
81617
84987
88948
90681
91915
93260
93360
94167
96261
97008
99920
7001
19022
22954
23274
23597
33219
36343
37667
38865
40376
46924
47099
54716
59286
63395
65902
67810
72993
73242
77528
77755
81289
82891
91655
98580
99843
1281
2796
2856
3038
4524
6315
6555
7208
10048
10555
18253
18964
21031
24309
24490
29673
29950
31689
34076
38236
40421
45117
59124
59577
61846
63847
64203
64363
70876
73656
74396
74794
75701
76893
78592
78758
78792
83739
85944
86064
86233
90115
94251
94904
95638
99594
10957
12911
13304
13510
14971
17560
17881
19642
24384
30404
32742
34163
35841
38115
38266
41268
41938
51802
52127
53090
56137
59189
59819
62095
63101
65472
65729
66373
66434
66956
69695
70578
77537
79016
80245
82539
83408
84159
86357
89359
92825
98975
15184
19724
20163
23265
24574
24779
25567
35905
41524
43985
44487
46155
50094
52242
52262
56696
59912
65219
67099
69514
73353
75018
75575
75619
80311
81387
81758
82205
85446
89081
94745
99901
810
3724
5239
6054
16467
16760
17142
17425
21441
24640
25901
28606
46403
46899
53167
54575
58730
66867
67315
73118
73179
73906
87695
88268
88409
89301
92607
92967
94490
97333
1427
2434
2457
3156
5992
8372
15327
20928
24035
28718
29454
30045
30427
33991
35023
35034
40830
43258
45499
46298
46308
46545
48759
49431
51122
52812
56892
64410
70256
74478
74994
75102
76487
79944
83172
90706
96139
96481
97947
98932
304
2388
5816
5936
8105
8709
10965
11427
12693
13790
15034
17022
22194
22978
24077
24290
43240
44496
50608
52328
55095
55725
59646
66176
68842
73444
76733
76737
77892
80949
83502
85158
97316
2481
5897
7497
8756
11420
11629
13268
24647
24765
25611
26732
27045
28022
35406
38077
40951
41702
54388
56895
56913
57278
70462
71854
77187
78472
82337
82687
85509
92139
94602
99316
5097
7354
7983
8566
8940
9674
12255
12495
13247
14399
18405
18581
21445
23889
26675
27711
32111
36926
38948
40361
41655
47366
47423
47617
52336
54787
54904
58128
59297
59842
62308
65233
66954
67326
67878
68114
70190
75037
75594
75930
76805
81297
83487
84056
86264
89136
90132
95685
97188
98728
5121
5840
8878
19373
21024
23185
27447
27552
29019
31857
35725
36721
36736
44694
45222
49844
50753
51975
53175
55800
58928
59145
63698
63802
65165
65565
74625
78540
79856
83173
87206
89125
89693
90609
94437
95081
96651
96823
1409
2454
2581
2615
8866
13278
17772
18343
20524
21881
22443
23467
27824
36124
37881
38991
39484
43784
46138
46565
52724
57030
59917
61901
62377
67531
69674
74933
79335
86926
86977
87528
91731
8602
9194
12339
14887
14969
16542
17385
19171
19379
20954
21347
24122
28709
30121
30925
34204
37428
37629
38319
42213
44313
45729
47898
48789
51552
54289
54646
56624
58983
60273
60476
67455
68218
68703
68827
72295
72424
72431
72997
74032
80925
83384
85050
86702
89039
91733
92458
99740
4068
8174
12387
12961
15804
16660
16865
17469
19607
21433
24239
24759
29341
31509
38685
42151
44022
49100
50529
52818
54752
55329
55556
56838
57183
58133
58326
58348
58470
58967
61373
61638
68965
69187
69713
69888
70349
72607
73942
78837
83612
87263
88155
88306
88695
89868
91849
93217
96921
97092
203
925
2630
5316
8957
9896
23538
27578
30794
31726
32911
35291
45760
50824
51232
52416
58235
58427
60980
62705
63136
70813
71809
80067
81811
86530
87237
96178
97239
3199
7132
7956
8040
8238
10187
11707
12606
13079
13236
19140
19382
21762
26003
30135
30383
31261
31713
35585
39337
40724
41056
42879
42930
49749
52822
58185
58754
66799
67119
67980
70248
75670
79773
81426
83434
84245
84398
85867
88205
88459
89417
89976
90053
91421
91801
93886
95891
96901
98092
98858
98879
1644
2877
4689
5681
11199
11237
11569
15966
17353
17417
17508
17528
18200
21020
21215
22346
22933
23206
24482
27509
29618
30433
33692
37374
42054
44859
45279
48853
53737
53926
55234
55600
56430
59169
59180
60072
62315
62881
63188
63840
67309
68921
69274
70916
71745
74347
76918
77499
80112
81100
83202
88214
95359
97081
98350
1451
5898
11109
11634
14922
16137
17979
18847
21165
26300
27121
27926
28476
29486
30776
32774
33061
37108
37175
38562
39240
41067
43127
45628
45882
46388
47285
47325
48614
55440
56380
57433
59663
60623
65985
69881
72023
73161
74881
76596
76734
78028
78594
79371
80628
81711
82005
83614
87019
87315
88865
89112
92344
92728
95734
95903
97205
4025
6992
12410
17429
17926
18259
20663
20948
32667
33492
35155
35701
35966
36995
40022
41348
48660
48791
49073
49716
50136
52700
53761
53987
56605
59895
65205
66292
67009
67229
67407
69468
69915
70197
72976
74900
75970
76749
79971
80977
83607
87365
88581
90842
93066
93421
96596
99177
71
327
5528
5579
5927
7616
7841
8132
12782
12891
12897
13570
15584
18331
20379
23292
25461
25840
26485
27277
28503
29479
31578
33820
35973
36137
37518
39789
41301
43053
43980
45582
45956
46408
47552
50420
51869
56699
58407
60029
63167
64436
65773
67075
67105
68599
71833
74928
76515
76569
77995
82435
90763
92423
92540
94331
97449
1835
2353
6095
6981
7191
8992
11397
13980
15138
16403
16570
18689
19733
23537
23552
24329
25493
27197
27335
27493
28101
29391
29552
30268
32226
32580
36353
41742
42428
42511
44427
51449
55231
55382
57188
57517
57649
58400
59698
59823
62079
66219
68236
68249
68465
68642
68652
69463
70266
71056
71257
82147
82341
84522
85757
86779
87248
87426
87865
88060
89388
90396
90983
91621
93153
93649
94455
95766
96132
98225
98624
99018
99784
732
2728
4367
4410
4896
9791
10710
19132
20640
21867
22137
22602
24141
25138
28458
31124
31927
31965
33521
34553
37516
39878
41892
45383
49757
49954
50486
54618
55807
57173
57873
60574
61583
61702
62303
69235
71178
71863
71881
72506
72746
74833
77265
77286
80217
83501
84061
84306
86860
87080
88649
90391
91641
92176
93775
94103
94244
94547
94924
95694
98386
99512
693
2786
4045
4436
12464
13427
13899
16710
18983
19439
20007
20661
22192
22296
22673
22983
25035
25556
26697
26799
29297
30900
32936
33357
36726
39137
41207
43853
43900
44688
46660
47261
47728
50891
52283
53724
53992
55664
57396
58202
58846
66890
67258
67370
68602
69590
71260
74771
76975
77302
79616
79736
83156
83816
85209
85793
87358
88009
88813
90292
90658
90971
91514
93535
95188
95294
96990
98150
99947
964
1438
4067
4097
5413
6380
6418
6716
8920
9385
9806
11204
11253
14416
16020
16731
17682
18081
20825
24607
26740
28572
31910
32601
34699
34840
40180
42183
43021
43467
43918
44609
50109
50562
52489
53371
58067
60753
60900
63555
64036
64799
65377
69027
70080
70474
70543
73578
74949
76986
77004
79202
79882
80353
82936
83207
84823
85888
88979
89625
91637
94207
98368
453
1582
2397
7702
7932
8804
9772
10360
11236
11303
11836
12626
12976
14156
14167
14311
17059
17870
19600
19955
20324
20764
21584
21731
28493
30106
30257
30323
30674
30678
32022
32881
33423
33913
34434
37984
39129
42251
42255
42297
46808
46870
47647
48319
50112
52559
53606
54099
55339
58568
58950
61708
62380
62702
62992
65730
67524
67751
68233
68409
68589
69258
69786
72150
73244
74761
75453
80398
82324
82408
82741
83526
83574
88078
90958
92743
93581
97231
652
702
2365
4103
6390
7691
15194
15285
16606
17029
17084
17382
18852
18911
22111
25296
26680
27602
30283
31513
33518
35419
35473
35771
37307
40245
46158
46234
47175
47921
48809
49035
50318
50918
51261
52862
54603
55272
57237
61231
63112
63323
63740
63753
63810
64948
69432
72939
72983
73298
73492
74250
74846
77711
80187
82921
86051
88751
89916
93745
95166
97152
99932
1874
5501
7310
11084
17331
19424
20318
23171
27448
29422
30485
31179
31334
31715
33090
34159
35051
36222
36538
40699
41878
43098
45477
47046
50433
53442
55081
55699
57337
57478
57699
60922
62228
64130
64916
66301
66520
67593
69288
69388
71807
72335
72660
74179
74264
75765
77717
79509
87569
88430
92143
93078
95535
97106
99860
6110
8207
9300
10025
10839
12360
14428
15089
17479
18830
20805
21995
22001
22378
23228
24793
25390
25684
26432
26458
26666
26739
27341
28405
29011
30167
31242
33513
34010
34376
35098
36743
39040
39818
40102
41786
42238
42751
42988
43736
44648
45243
45466
45512
46095
46823
47416
48568
48580
49202
54974
55883
56311
56975
58182
59436
60434
62260
65402
71487
72064
74848
75199
75235
80808
81349
81944
83346
84433
87505
87667
88717
90505
92149
94675
95156
95520
99632
431
4466
6244
10728
12564
16807
17234
17942
19808
23908
25300
26159
26618
27753
28879
29833
31024
31615
35116
36979
39500
40712
40842
42710
45934
50138
51113
51259
54033
55158
57114
66784
68540
68821
69565
70212
70585
72747
76457
78297
78323
80229
80252
80833
83118
84090
84509
87154
91120
91972
92965
93562
95027
95167
95442
97217
97480
97672
98499
99559
1940
2591
2659
2904
3346
3515
4128
5427
7282
7474
7945
8551
9713
10596
12642
15186
16392
16638
19944
23106
23262
24548
25370
28754
29933
31168
34311
35372
36148
38570
39267
40259
43874
44312
45275
46176
46932
47355
50042
51512
52778
57830
60203
61092
61394
63029
63362
65355
68113
71784
72936
77176
82365
82516
83391
84429
85762
87593
89590
90824
92331
93112
97196
97638
98682
99819
2091
2882
3100
5363
7040
8324
10867
10894
11290
12077
15338
15692
16388
19819
21304
25841
26981
28174
28265
29828
30009
32012
32046
35164
36921
37291
39548
39904
46527
46686
47734
48888
49585
49703
50253
50643
52213
52602
56144
56550
56635
57888
58910
59335
59523
63991
64812
65626
68974
74464
75049
76661
78488
79415
79574
81655
82769
83093
83587
83747
84814
86880
90730
91983
92267
94798
94808
95047
98888
99451
152
665
942
1666
1819
2872
6108
6370
7730
9022
12023
13057
13983
15028
18258
18570
19489
20024
20126
20242
20491
20652
21685
24678
24720
25034
26518
28487
28828
31010
33285
34191
34336
39746
43336
43715
43963
44733
46079
46807
47602
51791
52200
54087
54104
58762
59766
60067
60158
61813
63301
66141
66448
67261
68772
68937
70430
71766
72618
75645
77822
78786
78953
79291
81480
82152
85758
86026
86226
88417
89254
91953
92524
92757
92832
93061
93658
94114
94462
94608
94651
94854
97279
98905
99080
81
1271
2546
3412
3788
4324
4536
4887
5537
5621
5926
9550
10477
13781
14187
14365
14703
16533
17140
17218
17301
17522
17867
17943
18864
19843
20188
20870
21226
22617
25210
27204
28445
28829
28890
30439
30824
30852
32019
32641
34549
35522
36456
36752
36862
37506
38973
39033
39751
42933
43168
43670
48407
48665
48874
51289
51423
55269
56209
56512
58736
60801
61076
62424
65903
67898
68230
71352
71511
71643
72389
73141
73450
73517
74369
76143
81534
81700
82214
82901
84673
84849
86032
88584
89088
90813
91345
92992
93971
95243
95263
95714
96519
99868
955
1898
2427
2513
3648
3874
6891
8079
8581
8946
9213
12403
15659
15844
17659
19876
20297
20308
20381
20994
21027
21777
23240
26585
27386
27514
29739
29937
33415
34036
34727
36287
36619
36781
37872
39069
39251
39973
41707
42364
43030
43237
44765
44801
45237
45300
45344
45859
46474
46536
46696
46739
46872
47196
48442
49241
49477
50392
51082
51380
51706
53267
54204
55266
56368
57155
58533
61767
62533
64755
65918
66358
66718
66752
71636
74363
75570
77410
78930
79244
80726
81445
84279
84659
85452
87012
87207
87774
88641
90559
90989
91481
91645
92000
92668
92680
94141
99400
99970
88
595
7303
7566
9503
10053
12030
12485
13147
13287
14043
14959
16149
16670
19434
19571
20026
20217
21749
22336
22785
23712
25760
26660
29107
30347
30349
30501
31279
31402
31853
32389
32872
32959
33425
36597
39398
40602
40715
40813
40835
41648
43170
43305
44707
44823
47726
50222
50794
51282
52514
53109
53152
54065
55169
56161
57271
57450
58401
58800
58841
58898
60849
62231
64109
65127
65270
67565
67923
68554
68742
69728
74040
74042
75314
76145
76160
76637
77724
78072
78206
79220
80543
81293
82261
84012
85483
85514
87430
88279
89265
90431
90632
92453
92488
92966
94259
95727
97058
97319
98145
98806
99305
99493
214
4752
7898
8178
8976
9564
9899
10367
11309
11342
12501
12868
13520
16473
16983
18267
20726
21812
23953
24704
24818
25697
26290
26847
27351
27828
28390
28838
31717
32079
32347
32864
32945
33333
33417
33946
35113
35561
36068
36887
38878
40255
41106
43290
44525
45218
45748
46775
47808
48981
51414
52367
53295
55774
56040
56957
57823
57849
60583
61044
61680
61811
62515
63807
63837
64976
67414
71518
72667
73228
74273
74941
75377
75961
77977
79247
80563
80568
81257
81611
82100
83437
83486
85459
88077
88219
91402
93684
95824
96480
99566
945
978
2687
2726
2732
2797
2829
2837
3805
4204
4487
5475
9008
13204
15241
17351
17457
17516
19299
19726
21443
23379
24155
25883
26193
27064
27080
27464
28670
31314
31634
31839
36075
36256
39382
39384
39542
39597
39934
40298
41192
41363
41839
42105
43312
43816
44574
45776
46100
48192
49106
50041
50329
52241
53427
55889
56153
56679
57875
58380
58426
59784
60620
62322
65272
66864
67125
68047
68331
68927
70495
70539
70738
70985
72299
73418
74410
77734
78292
79970
80141
81046
83226
84123
86071
86823
88350
88530
89149
89605
91304
91778
92700
93058
93405
94281
94483
94581
94877
94892
96196
98259
98267
99015
827
4270
4348
5010
5019
5465
5797
7326
7371
7811
7943
8082
8797
9771
10859
10977
12086
12281
14445
15182
15534
17248
18667
20204
20671
23738
26373
29793
30614
31593
32028
32141
34002
34107
35401
37698
39661
40391
40644
45083
46187
46883
47556
48381
48415
48461
48554
49650
50261
51101
51819
53994
54975
55853
57024
59460
59831
60410
61684
62218
62412
62704
63509
65181
65209
65447
66345
66621
67609
67695
68627
69147
69614
69689
69994
70661
71570
72301
72421
73614
75051
75449
76579
77278
77546
77628
77825
78604
80147
80272
83506
84171
84870
85082
86038
90048
90581
91028
93341
93828
93831
94648
95751
96032
96068
96101
98502
98508
99384
643
990
2593
2771
5854
6222
6852
7654
11264
12150
12274
12325
12507
14856
15062
15153
15154
15915
36562
18376
