298852
285297
374348
387689
388302
195138
262729
20755
328603
337289
37249
116015
244275
118431
3
6
7
14
15
130408
25
27
42
85
94
96
424738
3622
101
137849
139435
112
124
138
260609
263518
157
169
185
222
307599
314989
370266
262
5472
275
9643
10545
283
288
147261
315
220654
317
285425
343
286522
289695
365476
351
410
449
478564
482
496
495691
526
21589
57930
540
181750
192515
605
624
639
666
209482
211523
223724
675
224200
677
727
224207
731
260715
303918
735
736
309579
395392
743
753
456591
764
457688
783
795
460547
465032
486456
811
494338
841
5062
13316
867
877
892
16518
24501
42314
908
912
93069
97780
117551
126178
223967
224946
282865
301239
913
314048
926
320411
332595
333365
372295
949
390535
976
984
426031
1000
441773
447127
1019
1066
1067
454813
1069
457651
480423
3836
1088
55711
1097
65973
75495
79895
1122
1170
1175
1177
1179
1184
96075
103894
1194
130275
132939
179991
1197
1200
1214
1215
205284
235137
1222
1225
238111
245841
288802
343339
349656
1231
1235
1239
357547
1247
404629
1254
447774
1264
463783
1281
470630
481541
19396
48091
65926
1305
70417
85207
1311
102468
120268
1314
1342
1348
1352
142003
162433
194487
1357
1362
1363
202434
1364
219394
1394
288476
1426
1431
291870
1437
295248
319740
1440
1441
321296
1445
1462
1481
341386
344093
344387
346670
355949
1482
1501
418115
426932
1508
429547
1520
1525
446452
1530
1547
11270
50461
1558
61132
62410
98110
103465
105421
112970
120197
128128
129384
1576
1585
1594
1601
1639
1664
1695
1702
137669
1703
1704
149644
1705
1709
150328
165058
174541
186079
1730
1751
187235
1757
1759
1781
187411
192903
1785
1811
1862
204998
1875
227788
1885
228923
268873
1899
269244
1909
1912
279726
1914
290867
1936
292095
304510
315325
328408
1947
330374
331217
341327
347989
388617
1968
392639
403052
428133
428777
442643
1985
2008
2015
2038
2053
447349
450821
2077
454550
2078
2086
2089
458333
474747
2092
475147
479058
2107
479087
2112
490527
5831
26618
2136
27010
43096
49157
58581
70684
72468
81520
2141
2145
2153
2159
2182
2186
2188
89623
106116
2216
2227
126035
131489
134061
158718
176613
193342
2233
202319
214325
223733
236747
237662
2235
2267
254335
2279
264992
273003
274384
281783
294943
304358
2291
312783
2319
2341
2349
2356
326425
340713
2361
353554
2377
357124
2408
2412
2438
360126
360278
2473
362605
367701
2492
368641
385641
393994
2503
415288
2522
421803
2546
2551
424537
2558
428517
428800
429890
2560
430722
2578
440862
440919
456030
2579
2585
456541
465065
468245
470177
476261
495567
1128
23559
24732
25929
43989
49119
49921
2605
63206
2611
77205
2612
81231
2621
2622
85689
90346
123107
140040
2627
2644
2664
142031
153131
2665
183655
2667
192833
199567
2668
214582
2699
2702
215032
2727
215092
2739
2764
232009
233067
2781
243494
243553
250743
251429
270929
282834
285016
287352
290653
2785
298690
314450
2848
2862
324021
333762
2865
334629
335148
2875
2876
2910
344365
2911
348686
353211
355597
380036
397795
400366
422174
435725
455971
459892
2914
2921
481589
2923
2943
2956
2957
483830
