972
390
1762
1009
1716
2408
1959
1557
2659
1645
75
1948
2243
561
63
695
405
109
1684
2235
2093
2780
1105
828
14
168
2302
1924
1448
686
1562
1917
1776
351
221
2331
1996
214
2222
1298
2287
266
1916
1508
2611
298
203
299
2232
396
1438
1654
1676
2112
2598
796
1062
2065
2161
1920
1280
2523
969
577
2926
2382
2743
2623
635
870
2968
2509
1516
2104
256
737
1160
812
1987
2898
1893
1154
2879
2323
529
316
805
1479
1650
762
843
717
749
2798
2981
1227
2662
807
384
1058
1812
2904
2467
1889
1596
879
731
1898
2245
2246
2697
865
2178
2705
2853
1984
1028
1586
501
2815
2896
1790
1929
2102
2605
2941
1517
250
430
2387
1357
1261
580
998
2449
1648
2196
2747
1340
1437
2265
1833
217
2816
2415
336
1500
2525
436
571
342
2204
268
304
1792
2860
679
2997
1878
136
1522
1946
670
2081
1468
1721
2101
1665
1268
282
1446
819
2244
177
735
2437
192
568
788
2295
1753
2871
1104
1620
84
1601
2527
1528
57
1503
2396
2225
1043
447
2273
2316
2358
2658
2327
385
2988
1576
152
2288
429
209
770
90
1497
2469
392
1277
175
204
1146
1672
1455
2692
66
2390
2699
2911
1548
1071
518
1865
1892
2000
1404
873
2811
48
1467
2925
783
1739
995
259
1383
1471
1416
433
1312
884
2530
5
469
955
1661
2351
2420
1139
625
2587
68
2393
612
927
1381
2686
837
544
1919
622
2980
2610
2868
687
111
1078
1709
2717
1055
1547
257
269
404
1541
2457
2684
40
1377
1445
2033
25
2026
2756
2951
2342
2475
633
1723
2668
534
2487
634
966
2466
610
1666
2614
383
719
2973
756
711
1216
1775
1506
1591
2169
1978
281
18
2872
2923
1196
2075
2214
212
910
2353
1354
1278
1092
743
1049
1281
2045
2847
589
621
319
2462
2599
570
2284
2356
2581
1338
1514
2534
2044
2999
2424
184
2878
2283
174
789
1687
2751
1390
2266
2012
2340
2529
388
530
2473
2689
1534
1545
1587
1799
164
1299
1598
895
1033
1136
398
1702
300
990
216
738
1403
932
2845
2876
671
2727
1214
387
1183
2190
64
2621
2938
2398
2592
466
947
1481
290
2786
3
335
869
1811
1630
2158
2114
2591
2485
986
939
1240
1327
983
2049
689
1663
2943
1424
233
645
2248
2955
422
898
1343
2380
2192
661
2013
506
1074
2667
1007
2319
2518
2770
1874
1133
245
546
1254
2051
2776
372
533
1894
53
766
775
1380
639
1858
2557
1820
2018
2478
1132
2490
1205
1801
1856
207
2517
2444
2512
2846
2538
45
637
2060
1844
965
1490
246
1096
151
326
2202
1443
2901
1024
2023
2136
1252
2209
628
438
200
1141
1729
340
393
1442
1477
2965
94
333
1568
1017
1356
1370
2291
1163
1026
2394
358
1407
2021
490
1018
2477
228
1627
2832
2886
2627
791
1230
2919
2172
2561
2804
363
967
1003
119
440
2179
2463
1570
836
1090
2294
1791
2122
399
1940
2793
31
2346
99
888
2674
832
1866
16
666
1974
1911
1036
1167
2362
1563
1643
2193
799
1306
2194
2103
557
2155
674
1979
2251
61
7
91
709
1374
1533
2887
818
1935
1224
1225
1302
1936
2027
2841
815
1365
1482
1814
2223
220
320
2788
2856
871
408
583
1617
254
2577
1011
191
366
1745
2630
1384
699
2454
253
1505
1690
2497
288
147
1086
2139
2854
777
1264
1685
2493
248
838
626
2641
92
804
1469
1669
1942
1964
2249
1701
730
2989
1535
2057
1854
2496
2909
2653
555
940
1559
1599
1962
2242
2280
2944
272
1
2629
913
1233
1335
1913
93
906
234
243
1621
1955
2363
2992
669
1546
1760
2647
1289
2375
957
2094
1420
2117
2504
2822
323
394
821
2076
2175
2952
70
2050
664
994
1222
1827
1840
2315
131
374
2009
904
1358
2902
722
108
1123
2123
2554
2998
23
713
2146
2690
2806
309
2455
199
806
1068
1359
1826
497
2958
547
1817
1886
668
1748
2840
516
741
1421
1432
1241
1644
1000
1441
2638
2763
2829
2962
1567
193
222
1761
2035
929
1513
1759
2167
1098
1226
1385
1593
373
2821
140
2311
2343
458
615
1998
160
1168
2707
71
866
431
1537
1847
2054
1737
2442
2740
1242
2762
979
247
344
2317
0
41
437
1843
520
894
1056
1862
2809
1170
1320
1839
2749
868
2125
2713
1352
2654
4
487
1336
2210
135
227
993
407
849
1119
1664
575
891
1079
1190
2468
619
905
1536
613
1179
2491
2918
1399
1768
2074
2150
2624
1560
1692
2586
2765
2889
667
1364
1875
2349
2970
1461
2120
2969
332
1114
1337
1594
508
2236
2696
21
397
769
1515
2004
142
829
1697
673
999
2298
76
1012
1986
1290
1549
2682
964
1059
2814
47
343
415
2264
2880
43
285
362
1311
1805
167
1166
2233
2910
1968
2826
2047
106
283
662
2514
2568
1020
1492
1556
1787
2061
1904
2800
101
482
975
992
1285
2790
2957
1434
2400
1583
678
2584
2908
303
813
1881
2268
2929
515
218
976
1738
1813
1994
2426
2560
1181
2253
2651
239
514
2524
2620
338
885
1447
2506
224
1091
2278
740
844
928
1094
2164
2258
2281
443
539
744
2471
2664
1153
1265
1602
2445
2453
2489
329
1245
2350
2536
538
1332
1493
1623
2048
2663
2932
2945
284
102
423
901
1834
2728
489
1288
1475
1777
2022
2034
2218
2377
2716
12
352
318
1346
1351
1845
2565
2858
525
1947
2144
2862
226
289
357
551
733
850
921
1272
1388
1806
1883
2603
2934
263
631
1422
2220
2661
2738
238
470
1135
2135
2670
941
1389
1727
139
552
1131
1309
1324
1611
2333
2549
494
1107
2542
2810
2867
1673
1956
2729
187
527
945
1860
2366
452
605
1317
2337
2917
260
890
911
1184
1229
1232
1610
2261
2374
2907
339
413
747
2228
360
2010
585
663
1408
1733
2513
2640
2708
2781
1579
2563
317
354
1236
1487
2137
365
418
750
949
1605
1908
1076
128
201
255
563
1273
1325
1821
2037
2431
2974
823
1561
2381
600
822
1600
1712
1782
2666
2725
2182
2996
594
1064
1287
2200
2433
2802
1044
1088
2226
2289
2297
414
681
912
1034
1199
1639
2185
2612
2718
2891
264
296
1274
1607
1836
2016
564
567
2133
2369
2520
2616
2660
2948
656
1257
1307
2088
2211
2216
2545
165
1140
1695
918
1714
2024
2861
1412
1749
1970
2128
301
1085
1100
1976
2108
2428
2636
2724
276
479
505
938
1622
1642
1995
2025
2639
903
1084
1286
2407
2819
2
150
242
434
963
1279
1313
1632
444
492
504
826
1379
1462
1752
2086
2332
2890
1081
240
419
1715
1725
2848
417
1004
1050
1569
1831
2129
2201
2864
19
599
755
1175
1191
1342
2083
2479
169
1464
2064
2090
2173
2247
2508
2772
2825
582
842
872
2501
2519
2618
2755
648
859
907
1152
1328
2239
2803
124
510
970
1112
1718
1747
1933
2401
2622
44
915
2726
334
495
593
1703
2140
2361
2533
2675
2842
488
1496
1524
2212
267
657
889
1258
1540
2314
2441
2511
2665
2888
2939
655
2152
2367
2405
2609
103
864
1219
1504
1526
1769
1818
2306
310
1751
1819
2046
2458
27
104
1410
2406
2824
2967
2976
286
1655
1895
1896
2357
2838
797
974
1039
1077
1453
1937
2007
2510
83
683
1321
1371
1767
1973
2328
34
925
1349
1619
2043
2231
2731
2758
2895
195
653
702
1148
1250
1588
1804
1841
1981
2312
2652
2830
330
356
835
1070
1218
1353
1465
1797
2296
2451
930
1255
1458
1691
1786
1972
2706
153
480
1165
1419
1573
1907
2753
2894
349
391
425
659
922
1400
1525
1566
2241
2269
211
241
293
420
603
652
784
801
810
863
1296
1638
2645
2695
2757
2986
197
321
824
1083
1116
1773
2252
2419
2683
2870
9
15
173
265
450
654
712
724
803
1444
1991
2359
2417
2637
2719
86
1244
1876
1930
2292
2389
2779
294
742
1134
1208
1584
1771
2089
2411
2600
2994
50
521
1372
1401
1612
2157
2849
225
572
734
1212
1297
1386
1848
2080
2124
2541
2646
134
210
292
540
917
1124
1156
1531
1785
1966
2559
2983
2985
60
616
800
1910
2143
2290
2575
2723
120
215
984
1211
523
1577
1726
2472
519
1159
1330
1887
2168
2234
30
716
2189
2205
2745
729
1158
1402
1478
2116
2171
2335
944
1853
1835
463
1137
